csiR	csiD	lrp	yeiL	stpA	malT	dgsA	gadE	ydeO	evgA
0.3169917	0.0004296	0.0554191	0.0207487	0.1475037	0.2979814	0.3497648	0.2338699	0.5665684	0.7970221
0.3479707	0.1677057	0.7249437	0.8327325	0.4372933	0.2754290	0.2355464	0.0652721	0.5962706	0.4496405
0.2847841	0.2443430	0.1914999	0.0690011	0.7323579	0.7186592	0.5073632	0.2699426	0.7150916	0.6727263
0.4090003	0.4453395	0.5926194	0.6638724	0.4626347	0.2532017	0.6344677	0.6873845	0.5662102	0.4660027
0.4009522	0.7099810	0.3382067	0.2187586	0.5930893	0.6338486	0.0000000	0.2780000	0.5750650	0.6071751
0.0114857	0.6337748	0.3017946	0.6039616	0.4162143	0.5486775	0.6624458	0.4076093	0.5120768	0.5825079
0.0000000	0.2135001	0.3586253	0.4943858	0.3891475	0.1648722	0.7611877	0.4752470	0.6063801	0.7139075
0.7123385	0.4162023	0.6783629	0.5510119	0.4250634	0.1986924	0.5094289	0.4106448	0.5720344	0.5877477
0.6484749	0.0018641	0.2568967	0.2380151	0.4381243	0.2768395	0.4914278	0.6412205	0.1246031	0.1301540
0.1450202	0.2079865	0.1618059	0.2080289	0.4035237	0.1934587	0.7263482	0.3021935	0.4839584	0.6852092
0.6671549	0.6403410	0.0822787	0.6731286	0.1877057	0.3331971	0.3314587	0.1953277	0.0824981	0.0870306
0.6412431	0.2602921	0.0240568	0.1452661	0.3091054	0.4776133	0.0473838	0.1383278	0.5284989	0.5976782
0.6239446	0.0132091	0.5512594	0.4838177	0.4838842	0.2799672	0.3559406	0.4240609	0.7090645	0.7035708
0.6562140	0.0085195	0.3894369	0.5937397	0.6550409	0.2743878	0.6125701	0.7217602	0.7150653	0.4903434
0.7962691	0.1027681	0.2227973	0.5108797	0.3175004	0.8215328	0.0000000	0.2662695	0.5240311	0.8572100
0.7190592	0.0227932	0.4213264	0.3854897	0.5677093	0.6990095	0.7212039	0.1328234	0.5645596	0.5655893
0.8020410	0.3195749	0.1034043	0.0131582	0.1310364	0.2543706	0.6250150	0.2731317	0.6415358	0.8494351
0.3882847	0.1435638	0.4039063	0.3339544	0.3668792	0.5139022	0.2095641	0.5139381	0.6850655	0.5832482
0.7614832	0.1514015	0.4942730	0.6397895	0.8218070	0.4760022	0.0967305	0.2251641	0.6169068	0.7182339
0.6149431	0.3678700	0.2252206	0.2668059	0.2733354	0.6710086	0.7133604	0.0432108	0.5696532	0.3461097
0.6423114	0.7620159	0.6592229	0.7489596	0.4705036	0.5653669	0.6307686	0.0747399	0.4642756	0.4060694
0.7428909	0.2406843	0.3079864	0.3952391	0.5037587	0.2140626	0.7707736	0.5586454	0.6693230	0.6973815
0.2827663	0.5186653	0.6860474	0.6011586	0.5033620	0.2123055	0.7174842	0.4529972	0.3473711	0.2318160
0.5541508	0.0029452	0.1363039	0.0935775	0.7257692	0.4730853	0.5986766	0.2732158	0.6931759	0.0000000
0.4396324	0.0524751	0.3117719	0.7053808	0.5590212	0.4252167	0.4029966	0.1251778	0.6954775	0.0000000
0.2515164	0.0026730	0.0494528	0.0053905	0.0857256	0.6206222	0.5598811	0.2063265	0.7069576	0.3484255
0.5987179	0.4891877	0.1301540	0.0255641	0.3062646	0.3174859	0.5794767	0.2604300	0.6700879	0.4982392
0.6339208	0.6909833	0.4796793	0.4651751	0.6392319	0.3150941	0.7467528	0.2425390	0.6476614	0.7138162
0.1328751	0.6852654	0.2832914	0.3797375	0.4597927	0.2501951	0.7817665	0.5959764	0.6026716	0.7672888
0.7452394	0.0008476	0.0002643	0.4896315	0.0061952	0.0076863	0.6879688	0.0015662	0.6393295	0.0158839
0.0000000	0.6457351	0.5973308	0.4146461	0.6441679	0.7517273	0.6655970	0.3951598	0.5645295	0.6413112
0.6478948	0.6975958	0.0991645	0.0413016	0.4653129	0.2104613	0.6471478	0.2829344	0.6111905	0.6290346
0.8054487	0.1738884	0.2453460	0.3835118	0.6864687	0.5275836	0.0000000	0.1067010	0.6096196	0.3614891
0.6325850	0.0663950	0.1424902	0.1546111	0.6473127	0.2843721	0.2424241	0.2495939	0.5396126	0.6804317
0.6882518	0.0030536	0.2365657	0.1436361	0.5128934	0.2137151	0.6915786	0.3756441	0.7612068	0.6733230
0.5290916	0.0002310	0.1475076	0.5672479	0.1341057	0.5214800	0.3971878	0.2665039	0.4842870	0.6601423
0.6378253	0.0970892	0.2682057	0.2121823	0.3893337	0.2720471	0.5981651	0.5227034	0.6301743	0.7773206
0.6207463	0.4264196	0.0710764	0.0418499	0.2635470	0.5604098	0.4675712	0.0093080	0.2957065	0.3281076
0.1614250	0.1139192	0.3278368	0.2029512	0.4277662	0.4052714	0.4447429	0.4702505	0.6555190	0.7144007
0.3502800	0.2169458	0.0893336	0.0473853	0.2146534	0.1967684	0.6407693	0.3389759	0.5320495	0.5270024
0.5798639	0.0008552	0.0979466	0.0179215	0.1343700	0.5925108	0.5075123	0.0913994	0.0000000	0.0000000
0.5402577	0.0082775	0.6852047	0.4765414	0.4334570	0.7929218	0.0000000	0.2807695	0.6516402	0.7943242
0.0893858	0.2246950	0.3162968	0.7084563	0.5545961	0.3353062	0.6544948	0.6163176	0.6629606	0.5547391
0.6720277	0.0818687	0.5788880	0.6623329	0.5601705	0.3845539	0.4539204	0.4003173	0.6071292	0.6104162
0.0410987	0.5444887	0.4708345	0.3463507	0.4728217	0.1424740	0.6356592	0.6542802	0.6544355	0.6658802
0.3544312	0.0523291	0.2423020	0.1289367	0.5310340	0.5828390	0.6631796	0.0000000	0.7530954	0.0000000
0.3963718	0.0000594	0.0553323	0.0089811	0.1476226	0.2207933	0.4693234	0.1861966	0.7435290	0.4623739
0.6474510	0.0001404	0.0000259	0.0000000	0.2942613	0.4122763	0.5964967	0.0021354	0.6819843	0.2484745
0.6058120	0.0056404	0.1456736	0.6527304	0.2847553	0.6256396	0.7014200	0.0000000	0.5249640	0.0000000
0.1914060	0.6078722	0.5043571	0.5286509	0.4737428	0.3713204	0.4544361	0.5353280	0.5795895	0.7761415
0.7011293	0.0195685	0.6889880	0.7021322	0.4399039	0.1743435	0.5458318	0.4672359	0.6085028	0.6713952
0.7899174	0.0084199	0.2333846	0.7398557	0.5532639	0.2755576	0.6547742	0.6838668	0.5991284	0.8028631
0.7454374	0.0006044	0.0857706	0.0250836	0.1994305	0.2156448	0.6486368	0.2650787	0.6406216	0.6242386
0.2192004	0.3907091	0.0264428	0.4556564	0.1360188	0.2838858	0.3837430	0.1563575	0.6396670	0.6355680
0.6932461	0.0154931	0.6509683	0.6955900	0.4338064	0.6978654	0.0378823	0.1567834	0.4812546	0.3102860
0.1620780	0.0017255	0.0070299	0.0003862	0.1727818	0.0899400	0.6945693	0.0542655	0.4688849	0.5714439
0.6433482	0.7565674	0.6320350	0.4955715	0.6431018	0.3149853	0.7126712	0.5844703	0.6741483	0.6901522
0.7060875	0.4266198	0.6975996	0.6755041	0.7507162	0.1883892	0.4996005	0.0039340	0.4505870	0.1149361
0.6314340	0.2574306	0.0822228	0.0590721	0.2906797	0.2178312	0.6334858	0.3320339	0.6150255	0.5831077
0.6547374	0.6194743	0.1418805	0.2868545	0.3007952	0.5773085	0.6602873	0.3795520	0.5205193	0.6867329
0.1871273	0.2011187	0.4509608	0.3646483	0.4846378	0.7552288	0.0000000	0.3590976	0.8077658	0.6896127
0.6878303	0.0025253	0.2179415	0.2831721	0.4183713	0.4198420	0.6784640	0.4029106	0.5411867	0.4079071
0.1051337	0.3984890	0.0936220	0.3906185	0.5939298	0.6833123	0.7293363	0.2610904	0.5032441	0.7522739
0.5368865	0.6406839	0.1102284	0.0669588	0.7044262	0.2346813	0.8240587	0.2713522	0.6850631	0.6273641
0.6263240	0.0007590	0.1142809	0.4672865	0.3978444	0.5517232	0.6798427	0.2437303	0.6527772	0.7572269
0.6284078	0.0010409	0.1644794	0.2956053	0.2584168	0.2455139	0.7876961	0.3794490	0.6622613	0.7877515
0.6158468	0.5114468	0.2735299	0.2749630	0.6639350	0.5906564	0.0589818	0.4023420	0.5967763	0.7735564
0.5630340	0.0053363	0.0825964	0.4584764	0.2837685	0.4117393	0.6253373	0.1725400	0.6917106	0.5977466
0.0000000	0.3011253	0.3455306	0.5297927	0.4576653	0.7042638	0.0537138	0.5241690	0.2969270	0.2779109
0.2679693	0.0008109	0.0644828	0.0220210	0.1903935	0.3585675	0.6764314	0.2687339	0.6545373	0.7922656
0.6284753	0.6379450	0.0000657	0.4003694	0.0001739	0.0042232	0.3186966	0.0089857	0.1592089	0.1947594
0.7238922	0.1746162	0.2180392	0.5251188	0.4361860	0.3780199	0.6405226	0.4714713	0.5539246	0.7178988
0.7339285	0.4371414	0.0000000	0.0957722	0.5325060	0.0000000	0.5896996	0.0000000	0.0000000	0.0000000
0.4545765	0.0231363	0.2744325	0.2563453	0.7134525	0.2107749	0.7092400	0.5161754	0.5823976	0.4956590
0.4213704	0.0009055	0.0373149	0.2000319	0.4304420	0.4833617	0.5588944	0.2204116	0.7760110	0.5219584
0.6154244	0.0030311	0.2515363	0.6366999	0.4043272	0.3467473	0.3833231	0.4270552	0.5713161	0.6827653
0.5048583	0.5603199	0.7362035	0.5358367	0.5633969	0.1739168	0.7647264	0.6155786	0.5878095	0.6782482
0.0000000	0.5667071	0.5602703	0.4574099	0.5270542	0.6914612	0.6278769	0.2687710	0.6267879	0.5231403
0.7682483	0.0007576	0.2434544	0.5763410	0.6892492	0.5530984	0.0000000	0.2511980	0.0938108	0.0000000
0.6382331	0.4806746	0.2331254	0.1574843	0.3233782	0.2296387	0.6831197	0.1739740	0.5911350	0.6855099
0.0832479	0.4863162	0.3328896	0.4045061	0.6165575	0.3028010	0.7753217	0.6723851	0.4238537	0.0000000
0.5754404	0.0062475	0.5611574	0.5261276	0.6195160	0.2553774	0.3835414	0.0000000	0.0000000	0.0000000
0.4555791	0.0872428	0.2380141	0.7645575	0.3765394	0.2534172	0.7062977	0.5131603	0.6147438	0.6511376
0.7645075	0.0011001	0.3254017	0.4239142	0.4255575	0.3398938	0.6095270	0.7216016	0.5032584	0.0000000
0.6668485	0.0112179	0.7154867	0.8166424	0.4772676	0.1618407	0.6045636	0.5518072	0.4906968	0.7269880
0.4313009	0.0718674	0.5449487	0.3963946	0.4546698	0.1916600	0.7452139	0.1975030	0.6360205	0.6966026
0.6476729	0.0105932	0.6082063	0.6207110	0.7031975	0.1849074	0.6306162	0.1843868	0.5891497	0.5173517
0.5389342	0.6297991	0.3778635	0.6620366	0.6565931	0.1771921	0.6346392	0.1960810	0.5865887	0.7041023
0.7071227	0.0056506	0.3101420	0.3836823	0.3319367	0.6590435	0.5940216	0.6958284	0.0104507	0.0000000
0.6629259	0.3939687	0.0319286	0.4369561	0.0355108	0.2851950	0.0000000	0.1052971	0.4684479	0.5506859
0.5800683	0.0097962	0.3797872	0.7412936	0.4223696	0.6056684	0.3212240	0.3566244	0.5820670	0.5400274
0.5742568	0.0022390	0.5141605	0.6846293	0.3822997	0.3820526	0.6714708	0.6037440	0.7888419	0.8205206
0.6769075	0.0001418	0.1250869	0.0483250	0.2016480	0.2016033	0.7126688	0.3427368	0.6552913	0.8454875
0.4504130	0.0936174	0.4229638	0.7257757	0.6511002	0.4356009	0.3320579	0.4602128	0.5677272	0.8365438
0.4697153	0.0029894	0.3612080	0.5267853	0.4062992	0.4792845	0.6773458	0.6912656	0.1520933	0.1577982
0.6910644	0.0049589	0.2773880	0.3830106	0.4019431	0.4236285	0.7092110	0.7459929	0.5889740	0.5313659
0.1795453	0.2909128	0.4272886	0.6589571	0.4529281	0.7771487	0.0000000	0.2613200	0.7235010	0.7519403
0.7218800	0.6528871	0.2451414	0.1732680	0.3025085	0.2270219	0.5753042	0.2490567	0.6436941	0.6356012
0.2949521	0.1493189	0.6227051	0.5360634	0.4602915	0.2778948	0.5273297	0.5929119	0.7897010	0.5642652
0.6923282	0.0687772	0.6560223	0.4035342	0.4793514	0.6992601	0.6520490	0.5747265	0.5411687	0.1357596
0.7507761	0.0011473	0.0970759	0.0724446	0.2610838	0.3808758	0.2037279	0.0694659	0.7739201	0.4371640
0.0000000	0.4298629	0.3109049	0.4765468	0.3926939	0.1698183	0.7362403	0.2269656	0.7020861	0.7845432
0.0924276	0.0004909	0.0754802	0.0215015	0.3581183	0.1542054	0.7447376	0.3238160	0.6649733	0.7406237
0.1879590	0.1648152	0.4299844	0.2553907	0.4098076	0.5203581	0.2457826	0.6265262	0.3553814	0.0000000
0.1328914	0.4057672	0.6562167	0.6642157	0.3613590	0.1706172	0.6040983	0.1856997	0.6380062	0.5947020
0.2279237	0.2348131	0.1788452	0.4576112	0.2076372	0.2510686	0.6866952	0.3075423	0.5780252	0.5272098
0.4364197	0.0603389	0.6161782	0.3802141	0.4201451	0.1426469	0.7303490	0.0976932	0.5110859	0.5638026
0.1802414	0.0112512	0.1191002	0.5649839	0.1651355	0.2465429	0.6908930	0.1949230	0.6425572	0.6574954
0.1586904	0.1492995	0.2723277	0.4113487	0.5550707	0.7600089	0.0000000	0.2668931	0.6976663	0.6968316
0.2121647	0.4550278	0.1713318	0.1415735	0.2884174	0.4356942	0.7244759	0.3738641	0.5662784	0.5715419
0.6776456	0.2054772	0.0000000	0.5634742	0.4658109	0.0014474	0.4377081	0.0000000	0.5299870	0.0000000
0.8550095	0.0232812	0.5294105	0.4648008	0.5415026	0.4242238	0.5310667	0.2604353	0.5919613	0.7213505
0.6611296	0.0186075	0.3992966	0.3509320	0.2935789	0.2141735	0.7064644	0.2409838	0.5602312	0.7027974
0.6186345	0.0123000	0.5500693	0.4630800	0.4802924	0.2392321	0.4605227	0.6818293	0.6498154	0.7099746
0.6717906	0.0048166	0.1957868	0.5668261	0.2689079	0.6626454	0.6582149	0.3102384	0.7824103	0.6486779
0.3246887	0.2771269	0.4223980	0.5073194	0.3719151	0.5724885	0.7875647	0.6217270	0.6342076	0.3696729
0.4255254	0.3797506	0.3077197	0.6010731	0.3621810	0.1784384	0.5871079	0.3764307	0.5450973	0.7464769
0.0000000	0.5894424	0.3445379	0.2544592	0.4582249	0.7443301	0.0000000	0.1622396	0.5047724	0.6506705
0.6275028	0.2381958	0.1383566	0.1760003	0.3141058	0.3707716	0.7836335	0.3253294	0.6288905	0.5648721
0.6161124	0.6583574	0.3525115	0.6074683	0.3278319	0.6735131	0.0000000	0.6407952	0.6322606	0.6622872
0.5779277	0.0007503	0.6828550	0.5316185	0.7407640	0.3149976	0.6804889	0.0807558	0.5578252	0.4812339
0.5651143	0.2072690	0.3334827	0.3262899	0.3785880	0.1875945	0.6410177	0.2635448	0.5528738	0.5606099
0.6941707	0.4414309	0.6126158	0.5444913	0.5091339	0.3303582	0.3455849	0.7046279	0.6845430	0.5565769
0.5917764	0.0038594	0.2050755	0.0647232	0.6168296	0.1743685	0.7366044	0.2153954	0.7190391	0.6964542
0.0000000	0.7142581	0.6876730	0.5678822	0.5166651	0.2992390	0.7654655	0.1361151	0.5411677	0.5365147
0.6142357	0.0014946	0.1503586	0.3277713	0.2813758	0.1827141	0.6915974	0.4041802	0.5271807	0.3476742
0.7753565	0.0022412	0.0003085	0.5561645	0.0019001	0.5346796	0.6432034	0.0125239	0.6543477	0.3297114
0.6875975	0.0022718	0.1155130	0.6111264	0.1749503	0.5674576	0.7858178	0.2706416	0.5927605	0.6775234
0.5166419	0.0266006	0.6831549	0.6453676	0.4553346	0.2166941	0.5749289	0.1924596	0.5642255	0.6480373
0.6141809	0.0000127	0.0132373	0.0071090	0.0082087	0.1259974	0.0000000	0.0756863	0.4584758	0.3281443
0.6214629	0.1590318	0.4472747	0.3176283	0.6772957	0.6342581	0.6596676	0.6597918	0.7469724	0.6468317
0.6972480	0.4110392	0.0372597	0.1265560	0.1880880	0.1944290	0.7657239	0.0737933	0.4865659	0.4659524
0.6486768	0.3095166	0.3664963	0.3104574	0.4688849	0.1512279	0.5594307	0.5534257	0.5474529	0.6620975
0.0714889	0.0000024	0.0058646	0.7750812	0.0092722	0.0090065	0.4879922	0.0111167	0.5795659	0.2274656
0.5610606	0.4644692	0.3708598	0.6014094	0.3682084	0.6958340	0.6344157	0.2959619	0.5458363	0.7985576
0.7191592	0.3614680	0.3752173	0.4101295	0.4544211	0.3126350	0.3862317	0.2825121	0.6634284	0.7573889
0.6436290	0.0011154	0.1458613	0.3082153	0.4913072	0.5397537	0.5635144	0.3019467	0.7781519	0.7718261
0.7701141	0.0119069	0.4338068	0.4680930	0.7765078	0.1605735	0.7230774	0.2170677	0.5611188	0.7127249
0.4842361	0.1206944	0.3641681	0.4816926	0.6286808	0.5544634	0.5236072	0.4230763	0.5344641	0.6476424
0.6817247	0.1687437	0.2899499	0.5793841	0.4327285	0.3167765	0.3810541	0.6387276	0.5986052	0.7386756
0.7004246	0.0073418	0.4271080	0.5284721	0.7311985	0.3036253	0.2905218	0.7377623	0.6604870	0.7808392
0.5826083	0.0185775	0.7171244	0.4443852	0.4526692	0.3502973	0.2781471	0.0780846	0.6461336	0.3322131
0.5723177	0.0054732	0.2672335	0.3670305	0.2818247	0.2678089	0.7918859	0.6795496	0.5767671	0.6041070
0.4386317	0.6135905	0.1018219	0.1668954	0.1719292	0.3082686	0.3054650	0.2159205	0.5867665	0.8077342
0.5619306	0.4687201	0.0657016	0.0632330	0.2769520	0.1990006	0.6504072	0.2469860	0.6372663	0.6742350
0.7569261	0.0594634	0.4307094	0.4411787	0.5018476	0.1663959	0.7056837	0.6936983	0.5639083	0.6777771
0.0000000	0.4766060	0.1257678	0.0430744	0.3863986	0.3717644	0.7194666	0.2895722	0.4864331	0.8199601
0.0000000	0.5004509	0.4813563	0.5574799	0.4750857	0.3409703	0.4215635	0.2852763	0.6550335	0.7887665
0.3658351	0.3190714	0.0946529	0.3256863	0.1522070	0.2745003	0.6392975	0.2704913	0.5856695	0.6556746
0.5723339	0.1963724	0.5149461	0.5284563	0.5606593	0.1905540	0.7999645	0.7004702	0.7516213	0.7207106
0.6721817	0.0003728	0.0979590	0.6603590	0.1236745	0.2646305	0.6006263	0.2406700	0.4252349	0.3145134
0.6974369	0.1675545	0.6205420	0.4423596	0.7238824	0.1747624	0.5623781	0.4993744	0.4551155	0.4120350
0.6834255	0.4698283	0.1643737	0.1275997	0.2939450	0.3282836	0.6417709	0.3321142	0.1840036	0.1242065
0.7036358	0.0128988	0.5148678	0.5902105	0.6054035	0.2392698	0.7069075	0.5353948	0.6752694	0.7266091
0.3288579	0.0022591	0.0824317	0.0114408	0.5336259	0.2238634	0.6665401	0.1540236	0.6377048	0.4466621
0.7613470	0.0033820	0.4665490	0.3464321	0.4991638	0.5575043	0.1408051	0.5550212	0.6071062	0.5727395
0.5558570	0.1394431	0.3839598	0.4263558	0.3539859	0.3105878	0.6755660	0.5966289	0.5849564	0.7199936
0.7861671	0.2873009	0.4079852	0.5634862	0.5091029	0.7791387	0.0000000	0.1040224	0.4643206	0.5375081
0.5539442	0.3956283	0.1536444	0.0345850	0.2448206	0.1395033	0.7943290	0.2430779	0.5172757	0.8812001
0.7139092	0.0060666	0.3925629	0.4154782	0.5048612	0.2030490	0.7510578	0.7394785	0.5053377	0.5794001
0.4043286	0.0004812	0.0177626	0.7471325	0.2698778	0.2432838	0.7536141	0.1012833	0.5929134	0.4126437
0.7311561	0.0056747	0.6943290	0.6490991	0.5278756	0.3147769	0.6734742	0.7314664	0.7594014	0.4401486
0.6832368	0.0084218	0.7328557	0.4655077	0.5840975	0.2870678	0.5183160	0.2618159	0.6634994	0.7453193
0.4318191	0.3702716	0.1886134	0.4152974	0.5450296	0.3690077	0.2085818	0.1541709	0.3303298	0.1001021
0.1472901	0.5413755	0.6123276	0.5095529	0.4795573	0.2378378	0.8228904	0.2247636	0.7761376	0.6845603
0.4736822	0.0236276	0.7637963	0.5684497	0.4105920	0.2332101	0.4628462	0.0539695	0.5647908	0.2623380
0.7049410	0.2199918	0.2023158	0.4267417	0.2708947	0.3706865	0.6197983	0.2189914	0.5042689	0.6926245
0.6883092	0.3024343	0.3240368	0.1871638	0.2868308	0.1716706	0.6258420	0.4001632	0.6470667	0.3580351
0.7234279	0.0534690	0.3745128	0.2810629	0.4352466	0.1712044	0.6983784	0.7363589	0.6612004	0.5485423
0.6945601	0.0060341	0.2009497	0.1572442	0.3878775	0.1933507	0.7731258	0.3712674	0.6817281	0.5925135
0.5713308	0.0022106	0.3199187	0.2484909	0.4653472	0.5481021	0.5546933	0.5742642	0.6286184	0.7393706
0.7832000	0.0477783	0.5699126	0.5145423	0.5088483	0.2258506	0.7592462	0.2416321	0.6777455	0.7319090
0.2930349	0.0329130	0.2078236	0.1735102	0.4130889	0.1926531	0.5097354	0.4832464	0.6574082	0.7124629
0.7599017	0.0055246	0.6050438	0.3703976	0.3959161	0.2611894	0.3425953	0.7361723	0.0000000	0.0000000
0.6322616	0.0002543	0.1754057	0.0350050	0.2360045	0.2665013	0.4261985	0.2164545	0.6162641	0.7192121
0.6826494	0.0001699	0.0800210	0.7368875	0.0969307	0.1512733	0.7737711	0.1728920	0.6107470	0.4511287
0.5276482	0.4936438	0.2877212	0.7456456	0.4125629	0.6164108	0.0000000	0.0000000	0.0012041	0.0000000
0.6125333	0.2148812	0.3028384	0.5457879	0.4550681	0.3918379	0.6728879	0.8134742	0.5690879	0.7779401
0.7215995	0.3684351	0.3159620	0.3121762	0.3848900	0.3846411	0.1513123	0.2428826	0.7060280	0.6114142
0.6110467	0.0011760	0.3138253	0.3708325	0.3899059	0.2869666	0.3597639	0.5107149	0.6283783	0.7720581
0.7252186	0.5472812	0.1173272	0.5358813	0.4894402	0.4139857	0.1625499	0.2887546	0.5601139	0.7240070
0.0801393	0.3502282	0.0006899	0.7019443	0.0173639	0.0022899	0.0000000	0.0006553	0.2073520	0.1534585
0.6514819	0.0070785	0.6164564	0.6157171	0.6412603	0.4279157	0.7524686	0.2211899	0.6263212	0.5720391
0.6685965	0.0006923	0.0063816	0.2787713	0.6431859	0.0796587	0.7314122	0.0469866	0.5109138	0.4217084
0.3576061	0.3202660	0.5772170	0.6499990	0.6822221	0.1571446	0.5933948	0.7351807	0.6985089	0.6516291
0.5902916	0.0052788	0.3258113	0.4534552	0.3854670	0.4251501	0.2639890	0.6043231	0.4698989	0.7450886
0.6830883	0.0003790	0.1685651	0.1162840	0.2706325	0.3325803	0.7371139	0.0005896	0.4228844	0.1030546
0.6518646	0.1372211	0.1023730	0.0451300	0.1850918	0.5427630	0.2470088	0.2763544	0.4342053	0.7459676
0.0000000	0.0598163	0.0308174	0.0009052	0.1572453	0.1285062	0.6067591	0.0768406	0.7151174	0.4670232
0.7170438	0.0048219	0.1256716	0.1041668	0.6402812	0.2400087	0.7953950	0.2924781	0.6324905	0.7003187
0.1071910	0.1837844	0.3851587	0.5284895	0.3700093	0.2526105	0.6781906	0.7259541	0.6847705	0.7646356
0.2621627	0.0320060	0.2875316	0.6641621	0.3167161	0.5894590	0.7833766	0.3751589	0.6620867	0.6410771
0.8744095	0.6782871	0.3788728	0.3478005	0.4004853	0.2318276	0.7706995	0.7022255	0.5126778	0.7655103
0.0000000	0.5205935	0.6380782	0.5968424	0.4076609	0.2534705	0.6094063	0.0601359	0.4541498	0.3477067
0.6973014	0.0007679	0.0650763	0.1139405	0.1244674	0.1607975	0.7581382	0.1815838	0.5422158	0.5171793
0.6415880	0.0008003	0.0528517	0.4881398	0.1572175	0.7722689	0.5911850	0.1836671	0.6081623	0.6938934
0.8374606	0.0049347	0.2319557	0.1764439	0.4779674	0.3923120	0.4235696	0.3180551	0.7736816	0.7276515
0.5801543	0.0635789	0.3353746	0.4921927	0.4700716	0.7621976	0.0000000	0.1896233	0.6415806	0.6503512
0.2203007	0.0025771	0.0418507	0.0664917	0.1046346	0.3005811	0.3628289	0.1158561	0.6806955	0.0000000
0.6136918	0.0789512	0.2555622	0.1497100	0.2774581	0.1930888	0.6707500	0.5602167	0.5247118	0.3896799
0.4839440	0.1097268	0.0662721	0.0533192	0.1862552	0.1171501	0.6512950	0.2741789	0.5703137	0.7383854
0.7533249	0.0001024	0.1825243	0.3057392	0.4493111	0.7779263	0.0000000	0.2693237	0.6667326	0.5957723
0.5244533	0.0225503	0.3733365	0.6217112	0.6574447	0.2658280	0.6534027	0.2912240	0.5273158	0.6907086
0.3578474	0.0057112	0.2107037	0.2064805	0.3483202	0.4866888	0.3678038	0.4629496	0.5740988	0.7335112
0.8423864	0.2944895	0.4052530	0.4111148	0.3941569	0.4500575	0.6484254	0.1707024	0.4400032	0.4618006
0.6207531	0.6746031	0.0011067	0.0000186	0.0363006	0.0073157	0.8690250	0.0150334	0.6264086	0.1258398
0.5708630	0.0024278	0.2400665	0.2604447	0.6022784	0.1923566	0.7995653	0.3953599	0.5793682	0.6459463
0.6772041	0.5417384	0.1434722	0.2196335	0.5305214	0.1885873	0.7812895	0.3662623	0.7899289	0.3378093
0.5958326	0.0001366	0.0759017	0.0434238	0.3874302	0.2608058	0.4340935	0.2876201	0.6235390	0.8123986
0.6816377	0.0119373	0.2837641	0.3179170	0.3898297	0.1734085	0.7867002	0.5362592	0.6822914	0.7935018
0.7326938	0.0169358	0.4885508	0.5107565	0.4605526	0.7317541	0.4402789	0.4505090	0.6382859	0.7454060
0.6439787	0.4132170	0.3703334	0.3566548	0.3030038	0.2540919	0.7090414	0.3341263	0.6960218	0.6447292
0.0000000	0.0172027	0.0919621	0.3809668	0.1719088	0.1395907	0.6934322	0.2717763	0.7583222	0.5785349
0.0000000	0.4326709	0.3940747	0.4073529	0.5994331	0.5753109	0.6224651	0.4966687	0.5190048	0.6898281
0.5609197	0.1647747	0.7927176	0.5782073	0.4925692	0.6802445	0.3721300	0.5863104	0.5110485	0.6425743
0.3945883	0.6304235	0.2276107	0.5220594	0.2256634	0.3925033	0.3986057	0.3786149	0.5823555	0.6616029
0.5794458	0.0063881	0.6292507	0.5644610	0.5703859	0.1754301	0.6246605	0.3859236	0.6656005	0.7293457
0.2819365	0.0720467	0.3314898	0.4509976	0.3200158	0.5841428	0.6758610	0.7632865	0.5614193	0.4500079
0.6238531	0.5116745	0.1856025	0.2164171	0.2725079	0.3132765	0.4009321	0.3234245	0.8099582	0.5552822
0.8520478	0.4090737	0.1334722	0.0780944	0.2993795	0.2261339	0.6902090	0.1961643	0.6618652	0.6359302
0.7818246	0.6180122	0.3038618	0.3636630	0.3661805	0.2736052	0.8225756	0.0022448	0.7349756	0.0251493
0.7021219	0.1732231	0.3251779	0.3353094	0.4375789	0.6824540	0.6011717	0.6376827	0.6390543	0.6691168
0.7031285	0.0079661	0.2017246	0.5139026	0.3386895	0.2195496	0.6875395	0.4590926	0.6227747	0.6908858
0.7181149	0.4091856	0.1451591	0.0609038	0.2669831	0.5007862	0.6887967	0.2796599	0.6275092	0.5681798
0.4527574	0.3371401	0.5674402	0.4102819	0.5233366	0.5241894	0.2050253	0.2341870	0.6171316	0.6147652
0.4616281	0.1888972	0.2152420	0.3652407	0.3236625	0.3456716	0.6528483	0.5505848	0.6803446	0.5810546
0.5791792	0.0164902	0.5329919	0.3899895	0.5307712	0.3785309	0.6608361	0.3967446	0.4685774	0.3584374
0.6224737	0.0043627	0.2019409	0.1271362	0.5420757	0.4180073	0.7823130	0.0735594	0.5307829	0.4924298
0.7345844	0.6316311	0.0334724	0.0073707	0.7395291	0.4462481	0.3424995	0.0509457	0.7011748	0.5157292
0.3745644	0.3123713	0.6825036	0.6873928	0.6040467	0.4101031	0.2032783	0.2449147	0.5583792	0.6757243
0.5900103	0.2882572	0.0000988	0.0005067	0.0015398	0.0026508	0.4221882	0.0000006	0.0451388	0.0588637
0.6700305	0.0002116	0.0001341	0.0012869	0.2393351	0.0210008	0.6549880	0.0151782	0.3141323	0.2729177
0.0645808	0.5013457	0.6195120	0.6197836	0.5289101	0.4226191	0.6408659	0.2761912	0.5053742	0.3618249
0.3864608	0.6456337	0.2934016	0.2347073	0.3314037	0.6674361	0.6431058	0.5447264	0.6135997	0.4608986
0.1975735	0.7603382	0.3364743	0.4118388	0.4767100	0.4763133	0.5047034	0.6451423	0.6074009	0.7300934
0.6660037	0.0060581	0.3992009	0.7187480	0.4083447	0.6379224	0.0000000	0.2715945	0.8112450	0.7738865
0.3692995	0.0321043	0.5550050	0.4111856	0.6797251	0.7669869	0.0000000	0.1303971	0.0238709	0.0417561
0.7109829	0.0005337	0.2696437	0.2026537	0.3058506	0.6158399	0.5110734	0.5083881	0.5218196	0.5809864
0.7246450	0.0231756	0.4578938	0.4037131	0.6164605	0.2294247	0.7447122	0.8100086	0.6271123	0.7347023
0.5856974	0.0188371	0.2387938	0.1632015	0.7619194	0.7727799	0.8551390	0.5686756	0.5404380	0.6550637
0.7010219	0.4367660	0.1458550	0.0807690	0.6419243	0.2718300	0.3379626	0.2618221	0.7121786	0.8016835
0.2106912	0.0566942	0.3372177	0.6611947	0.4983150	0.7070663	0.0000000	0.6451848	0.5620927	0.6706644
0.0000000	0.0004903	0.0026906	0.2603968	0.0798676	0.5595825	0.6448752	0.0055251	0.7306080	0.1417367
0.5461168	0.2531734	0.0873841	0.0576502	0.3130456	0.1977874	0.6789386	0.1869953	0.5846315	0.6493716
0.6872871	0.0001337	0.1294575	0.0225328	0.1549489	0.2179858	0.5871697	0.2625310	0.6995543	0.7007848
0.7138167	0.1027402	0.3699700	0.8438360	0.6573154	0.1923335	0.6822153	0.7251506	0.5778007	0.6036154
0.6737009	0.0096595	0.6391572	0.5441463	0.5685742	0.6858645	0.6002891	0.3713101	0.0000000	0.0000000
0.7985431	0.6750829	0.3697580	0.2257432	0.3859437	0.5713105	0.7078641	0.6002360	0.6365480	0.7443305
0.6369394	0.6334095	0.4507962	0.4107236	0.4258892	0.2166031	0.5931376	0.3966066	0.6637746	0.5333123
0.0994330	0.1265228	0.2780054	0.2186088	0.5721363	0.7278195	0.0955759	0.2138275	0.6563637	0.6941444
0.5744075	0.0005557	0.1181732	0.6608544	0.1430534	0.2052519	0.6224843	0.3154235	0.5444237	0.4623305
0.7498313	0.0123734	0.5326697	0.5389611	0.5412178	0.6874511	0.2919778	0.6865602	0.6152990	0.6729907
0.6055708	0.0007227	0.0877659	0.0470064	0.2517847	0.4446313	0.1406052	0.1945941	0.6101128	0.6198629
0.6957080	0.2471150	0.0776244	0.0160875	0.1273381	0.3182490	0.7566767	0.2339149	0.6237565	0.3379132
0.6888797	0.0085852	0.5999929	0.5965177	0.5785424	0.1855805	0.7765683	0.3869748	0.6766710	0.5923502
0.4618891	0.5290795	0.4778382	0.5262981	0.5007691	0.4734661	0.1448380	0.4987619	0.7074836	0.5372467
0.6427534	0.5711055	0.4897457	0.7691769	0.4245994	0.1982291	0.6048633	0.2801313	0.4904261	0.6136259
0.6824414	0.1063602	0.3256565	0.3275709	0.6351419	0.3977441	0.2182154	0.2746333	0.6740520	0.6496940
0.6733118	0.0137831	0.6647708	0.5618106	0.4763797	0.1720523	0.6353350	0.2888453	0.6111305	0.7220341
0.6630164	0.0045959	0.3312024	0.3469217	0.6563834	0.4726826	0.1853787	0.4272256	0.4675400	0.6478083
0.6975264	0.0075041	0.6136277	0.5049919	0.4226455	0.3241739	0.9259645	0.2513258	0.7915584	0.8149951
0.7327867	0.2116455	0.0988261	0.7424351	0.2461457	0.4276489	0.4533025	0.2610263	0.6284177	0.6480729
0.6905664	0.7512374	0.5118946	0.6779803	0.7751150	0.5248753	0.3724956	0.2764137	0.7208869	0.8017392
0.3254050	0.1342699	0.1335673	0.0777046	0.7319250	0.2027872	0.5519150	0.2518973	0.4756110	0.7276605
0.7661122	0.5783148	0.4633908	0.6413609	0.4967101	0.3021405	0.6524371	0.0860678	0.6512295	0.3324972
0.6796303	0.0009701	0.0968419	0.7114539	0.2139205	0.2872882	0.6150408	0.0048881	0.0705012	0.0708865
0.7433845	0.0001363	0.1413732	0.2746734	0.4559033	0.1846765	0.7283051	0.3012366	0.8136127	0.5218861
0.6171506	0.0113750	0.6910010	0.6037809	0.6324977	0.2495472	0.5399172	0.2772335	0.4614428	0.2852545
0.6977858	0.0064524	0.4263432	0.6345835	0.6036897	0.5724636	0.0000000	0.3761160	0.5871355	0.8022334
0.8737018	0.7065004	0.1334976	0.0720260	0.2449515	0.1727046	0.5143606	0.1488363	0.5439129	0.6379890
0.7421097	0.4540694	0.2164503	0.2532903	0.2636317	0.5873070	0.1495764	0.4761688	0.6738737	0.6602185
0.5296649	0.0154014	0.4132485	0.3897981	0.5583908	0.3430521	0.2441498	0.0001709	0.0075985	0.0635011
0.2196447	0.6480595	0.4794398	0.3228137	0.3632987	0.1762312	0.6113505	0.0015208	0.0299015	0.0489281
0.6646127	0.3143161	0.0000000	0.0005931	0.0534466	0.0835538	0.1137365	0.0000000	0.0000000	0.0000000
0.5735384	0.0016496	0.0510696	0.0071638	0.1188444	0.7280566	0.7647614	0.1338955	0.8388871	0.4730402
0.0530052	0.1548043	0.1475517	0.4887088	0.4865653	0.2988497	0.5325704	0.3215277	0.6096572	0.7041757
0.6521475	0.1232609	0.6898459	0.7027922	0.4689072	0.6066501	0.8099100	0.2672530	0.6670583	0.6748158
0.7765178	0.0001373	0.1188670	0.0828603	0.1458789	0.1851679	0.6885358	0.1903961	0.4995687	0.6559157
0.4991809	0.2233875	0.2669718	0.6574105	0.4529675	0.5512301	0.2118347	0.5477161	0.5889199	0.6369549
0.5908150	0.0002554	0.0887181	0.0175423	0.1862885	0.1971377	0.6795131	0.2575724	0.6389105	0.6385325
0.7098160	0.0084259	0.4219726	0.5692370	0.5090385	0.3598462	0.4123750	0.3137211	0.1379132	0.0000000
0.6918083	0.5402725	0.2160593	0.3966061	0.2659320	0.7631969	0.0000000	0.3488225	0.6090619	0.5547463
0.7855920	0.0008313	0.1338960	0.0191030	0.1661708	0.1527824	0.5499764	0.1654735	0.7153750	0.5474194
0.1190175	0.1473387	0.3069088	0.6135078	0.4570197	0.1707853	0.7131589	0.4457637	0.7130903	0.7785583
0.7395497	0.0069363	0.2180471	0.1005623	0.6588553	0.6644543	0.5900208	0.2398390	0.6769857	0.6002982
0.2312401	0.6167071	0.0393322	0.0128839	0.0542493	0.7187202	0.8244106	0.0813652	0.7577752	0.0000000
0.0000000	0.6118191	0.3355390	0.2968093	0.5253650	0.3599990	0.2876484	0.5819563	0.5190883	0.6201752
0.7295788	0.0112155	0.4177782	0.3605180	0.5267873	0.6319473	0.3359392	0.0000000	0.0000000	0.0000000
0.6919322	0.2299247	0.5108830	0.4344680	0.4579731	0.7680692	0.0000000	0.3380241	0.7534388	0.6495138
0.6570117	0.6161511	0.3310836	0.6969480	0.3181640	0.8593694	0.2656049	0.5771831	0.7136888	0.6311346
0.4962640	0.5301145	0.0940818	0.5531174	0.6352934	0.4927784	0.3643481	0.1546960	0.7018457	0.6082791
0.3341491	0.0034377	0.1711275	0.1071427	0.6456880	0.3971264	0.2991843	0.2587072	0.0000000	0.0000000
0.4175569	0.0295663	0.5758821	0.6281930	0.5183100	0.3450057	0.4488521	0.7103918	0.0000000	0.0000000
0.1740792	0.7381949	0.1605229	0.0573399	0.2953560	0.3774287	0.3379548	0.0005295	0.2095051	0.1776718
0.7611656	0.0060041	0.3840901	0.4200960	0.6630264	0.7097783	0.0000000	0.7683005	0.5389560	0.6873764
0.7792050	0.6468452	0.3164214	0.3723896	0.3610094	0.5403871	0.2066406	0.7345642	0.6479578	0.8044253
0.5736127	0.0037207	0.1522315	0.0815778	0.2912650	0.2712532	0.3872449	0.2498685	0.7074753	0.8143745
0.0000000	0.5116598	0.2468135	0.1766588	0.3728480	0.5639411	0.6426921	0.2570259	0.2304988	0.1489895
0.0000000	0.0005261	0.0004701	0.0008622	0.0823718	0.4894049	0.6368531	0.0042676	0.6265252	0.2844976
0.6163931	0.8232726	0.4285028	0.7136186	0.6632130	0.5308128	0.0979255	0.5076802	0.6081026	0.5869188
0.7152696	0.0556058	0.4998423	0.5546048	0.4039054	0.5606616	0.0000000	0.2467249	0.5988271	0.7052276
0.5870512	0.4936795	0.5561177	0.5952263	0.5479620	0.1259597	0.7405704	0.1972289	0.5736783	0.9223619
0.6566945	0.0864292	0.6746377	0.5242357	0.5288224	0.6695245	0.6070580	0.2067201	0.6924667	0.7747192
0.5960614	0.2402254	0.3195761	0.2971386	0.3958294	0.3341159	0.7050244	0.0000000	0.0000000	0.0000000
0.2293736	0.5822765	0.6245209	0.6257216	0.6590583	0.6780437	0.5906309	0.0656126	0.4535074	0.4468813
0.6918564	0.0397149	0.2428155	0.6012889	0.5132376	0.6241107	0.6054932	0.0145919	0.5144341	0.3035734
0.0000000	0.1490042	0.2099246	0.4092442	0.3054323	0.3992134	0.1061533	0.3588959	0.5934734	0.5942274
0.3573326	0.0441323	0.1683083	0.3589786	0.3358089	0.2012877	0.8242218	0.0008229	0.1267633	0.1086837
0.4094790	0.0681323	0.1758912	0.4985696	0.5201749	0.6028798	0.0000000	0.2591990	0.2929338	0.2198933
0.5887379	0.0106794	0.2586709	0.7030980	0.3027352	0.4902154	0.6445642	0.4587241	0.6025897	0.7785752
0.6154815	0.6027556	0.4512790	0.4287602	0.4763131	0.4753969	0.2129111	0.0000000	0.0000000	0.0000000
0.7847156	0.3144097	0.2278857	0.3997626	0.5580126	0.1259475	0.7562805	0.4552783	0.6730264	0.7306894
0.7649348	0.6910324	0.0597228	0.0069748	0.2813563	0.2892673	0.6779861	0.1235986	0.0000000	0.0000000
0.7756494	0.0026171	0.2288853	0.2503507	0.2306870	0.2530803	0.7654623	0.4101316	0.6100395	0.2749143
0.6365688	0.3087641	0.1575101	0.1353710	0.2664195	0.4236686	0.5931572	0.0964518	0.5472199	0.4567628
0.6232108	0.0002531	0.1351778	0.1153916	0.7151193	0.1754938	0.6701313	0.3668603	0.7589840	0.3799698
0.7817951	0.0036970	0.1596536	0.0514031	0.3283638	0.1949331	0.7884491	0.0719628	0.5167719	0.4679877
0.6956382	0.5395778	0.5279916	0.3800017	0.5002704	0.4190155	0.4455326	0.6738527	0.5674997	0.7869957
0.6835049	0.4239502	0.1431595	0.6690336	0.3254974	0.1661433	0.6195072	0.3570753	0.8157022	0.6903988
0.6487712	0.4296586	0.1003110	0.3181565	0.4782921	0.5700698	0.5927312	0.2398076	0.6428925	0.7187178
0.7166284	0.0160835	0.5170501	0.5692974	0.5059143	0.2843284	0.2968211	0.3757504	0.5962575	0.6893628
0.6147143	0.0108448	0.3420883	0.7815051	0.5247099	0.4943863	0.7744937	0.5849797	0.5622292	0.6009209
0.6219026	0.1853617	0.0191525	0.0005896	0.0248844	0.1103403	0.5749765	0.1094647	0.5245230	0.0000000
0.5855392	0.0099667	0.7317577	0.7088010	0.6653551	0.4545544	0.6707787	0.7300189	0.5223910	0.7112910
0.5093196	0.0024863	0.5110322	0.6073283	0.4156510	0.3430794	0.3333607	0.2758497	0.7390848	0.6249214
0.6003734	0.5870407	0.6886724	0.6947394	0.5763162	0.2212498	0.5521106	0.3557643	0.0000000	0.0000000
0.2950774	0.0376969	0.1617881	0.3457363	0.2718045	0.6307279	0.0000000	0.3904118	0.7384082	0.6939426
0.4856554	0.0269912	0.3159510	0.3987137	0.3744775	0.5962684	0.4030407	0.2037944	0.4160199	0.0815413
0.4354867	0.0099469	0.2647025	0.2942104	0.2866590	0.3233783	0.5612097	0.0102275	0.3403013	0.3167755
0.6177900	0.0005698	0.1097098	0.0255241	0.7116709	0.4376004	0.4724588	0.2510422	0.7028465	0.7412844
0.6463044	0.0098061	0.2165022	0.3235660	0.2578915	0.2277425	0.4810211	0.5010558	0.2924618	0.0000000
0.6087899	0.6816674	0.0842653	0.6377259	0.1179264	0.6594825	0.0258717	0.2176514	0.4931823	0.7104242
0.0000000	0.6387050	0.4877736	0.4282409	0.4172929	0.3657023	0.6033842	0.7499673	0.5353463	0.0000000
0.7759566	0.2763092	0.4559269	0.4419262	0.5267254	0.6418065	0.6058296	0.6022270	0.6175206	0.4865073
0.7137706	0.0049251	0.1475164	0.0803777	0.6434302	0.6767722	0.1716533	0.2617620	0.6460405	0.6541356
0.2015038	0.0455000	0.2415142	0.1996527	0.6050273	0.2225543	0.4665404	0.3464035	0.5475218	0.5834990
0.7225101	0.6032684	0.7326911	0.6458597	0.4717401	0.1977117	0.6492704	0.4185686	0.5801449	0.6265962
0.7600795	0.1863534	0.4460366	0.4279136	0.7753504	0.5142321	0.0538696	0.0000000	0.0000000	0.0000000
0.6732986	0.2572679	0.6053315	0.6907686	0.6516541	0.6090139	0.0000000	0.0283427	0.4743020	0.2622132
0.0000000	0.6794328	0.2765001	0.3033234	0.4565313	0.7305173	0.0000000	0.6235087	0.6218004	0.6990506
0.2713502	0.3716801	0.2309339	0.2847754	0.4014620	0.1402980	0.7199693	0.3300206	0.6583517	0.6350734
0.0266604	0.5082593	0.5983213	0.3614635	0.4875075	0.6211842	0.1356654	0.3257109	0.7427888	0.4995955
0.4163145	0.0672622	0.3212454	0.2643996	0.4839925	0.6229248	0.0174211	0.6096743	0.5903935	0.6030759
0.2708403	0.0054411	0.0934438	0.0527038	0.2215673	0.2059719	0.5291916	0.2512433	0.5886401	0.6308935
0.5175397	0.0002667	0.0613568	0.0264078	0.1611433	0.5434545	0.6642125	0.0023432	0.2754203	0.2126012
0.8302291	0.1542454	0.3723988	0.6305810	0.5581795	0.2205632	0.6517218	0.2333419	0.5559040	0.8382261
0.0675794	0.6415752	0.4884250	0.4701415	0.5530063	0.6040446	0.0262286	0.2081714	0.6988437	0.6277717
0.4704676	0.3723027	0.3577561	0.4420334	0.4557135	0.6624462	0.5241676	0.7251168	0.0009410	0.0651296
0.4726997	0.0000000	0.0000000	0.0000000	0.0865312	0.2375450	0.6373943	0.0000000	0.0000000	0.0000000
0.2258605	0.5291949	0.3695918	0.3655283	0.4176453	0.4557913	0.6370425	0.4491639	0.4431201	0.2508263
0.0000000	0.6795124	0.3241387	0.3301393	0.7694790	0.2143608	0.6098488	0.3083638	0.2114681	0.1593063
0.0000000	0.2026304	0.2628133	0.2537074	0.7175921	0.4372460	0.7550549	0.3257230	0.7869101	0.6858008
0.6820333	0.0011559	0.3917214	0.7540669	0.3635423	0.6678884	0.0000000	0.5465099	0.5344022	0.6808314
0.6186530	0.1043097	0.1085574	0.0285007	0.6262909	0.4411004	0.5131772	0.1861417	0.6544952	0.7999345
0.6129773	0.0021601	0.1047312	0.0235970	0.2115293	0.1406807	0.6589473	0.2920975	0.6125188	0.6797353
0.5298351	0.5941448	0.2353905	0.1981603	0.4290376	0.3650711	0.3882895	0.2339968	0.4490308	0.4569163
0.4605753	0.0190547	0.7505083	0.4818124	0.5878999	0.4803752	0.4090616	0.1673836	0.5060425	0.6890359
0.8071970	0.0097310	0.4330500	0.3645859	0.6360327	0.1979674	0.7316726	0.5272325	0.5301648	0.4837804
0.1215684	0.0179216	0.1293142	0.6773564	0.2139718	0.6085598	0.6832882	0.2049595	0.6479901	0.5833317
0.7158920	0.0328980	0.4692006	0.7750676	0.5495322	0.6591714	0.6454615	0.0319924	0.5395771	0.3533057
0.5440661	0.2013235	0.3253325	0.3399434	0.3951101	0.2094396	0.6579841	0.3633678	0.7027351	0.8126705
0.5983761	0.0083730	0.3712846	0.3726713	0.4391421	0.2535909	0.7156845	0.7295644	0.7507154	0.6459366
0.1623300	0.1084259	0.0863706	0.3127162	0.1826214	0.6926805	0.0000000	0.1969805	0.6448990	0.7012150
0.6264220	0.0005341	0.3291721	0.2202198	0.3769863	0.2996905	0.6356998	0.4304551	0.7095966	0.6201523
0.6944482	0.0050669	0.2655364	0.2434142	0.2889363	0.3322901	0.6765070	0.5066424	0.3899210	0.2586370
0.7787858	0.2115216	0.2262471	0.5292647	0.5983591	0.1557771	0.7556365	0.0422687	0.5932671	0.4298582
0.7064069	0.8337688	0.4898132	0.5089418	0.7503852	0.7162051	0.0000000	0.4079036	0.4981388	0.6447556
0.6433339	0.6056272	0.5368650	0.7170315	0.5962375	0.3953115	0.5600210	0.6569118	0.6130236	0.7397015
0.2528381	0.3871502	0.3490444	0.3648446	0.5994496	0.2209384	0.4199909	0.2577442	0.5016140	0.6432872
0.7674937	0.0044482	0.3837882	0.2880522	0.5676984	0.2176837	0.7323063	0.6522179	0.7057492	0.7822954
0.3920254	0.2841997	0.0533384	0.2476343	0.1711910	0.6549200	0.7885228	0.1250049	0.7418432	0.4713451
0.6021018	0.0066492	0.2129809	0.4747421	0.4300593	0.5886992	0.1094278	0.4287283	0.0993125	0.0000000
0.3778287	0.0698216	0.0408608	0.0286843	0.7134233	0.2574245	0.2146909	0.0934984	0.0000000	0.0000000
0.3191724	0.0075886	0.2180917	0.4493321	0.5691164	0.1875096	0.6552285	0.2782809	0.0000000	0.0000000
0.6167898	0.5784074	0.3610290	0.4101600	0.4540927	0.4563470	0.2276681	0.5101144	0.4809404	0.6518112
0.0000000	0.2745021	0.2848821	0.2505763	0.4149280	0.2333432	0.5997896	0.5613487	0.6329380	0.7594553
0.7057127	0.3906017	0.6927200	0.5377693	0.6122482	0.1752394	0.6451971	0.4284906	0.5903327	0.5488856
0.7344275	0.6156065	0.2347799	0.1364711	0.3204538	0.2189672	0.7121717	0.5584029	0.6914822	0.6756790
0.6816124	0.0838027	0.1971896	0.2639811	0.2784607	0.2248010	0.6248127	0.4198814	0.5193920	0.6355277
0.6560657	0.0040867	0.3191439	0.3180167	0.5977054	0.5573128	0.6279248	0.2313346	0.6776652	0.7047012
0.8076383	0.8021635	0.5028681	0.6695859	0.4910165	0.1561231	0.6272723	0.6872876	0.4540473	0.7273806
0.2395634	0.2307288	0.2039310	0.1655996	0.2720122	0.2100946	0.6423151	0.2233604	0.6775332	0.6680917
0.5518789	0.0936953	0.0316230	0.4807873	0.5884022	0.3711442	0.2225502	0.1159111	0.6213059	0.3673850
0.2141930	0.3611886	0.5280610	0.4774414	0.5194792	0.4438955	0.4471739	0.3336896	0.6408579	0.7019597
0.6901742	0.0016940	0.1235081	0.1311806	0.5122877	0.6390134	0.8999231	0.3709715	0.5936286	0.6782189
0.4014294	0.7293875	0.0429409	0.3462493	0.4756534	0.2996246	0.2030101	0.2056988	0.6689692	0.5219825
0.4068109	0.0109015	0.0004501	0.0012537	0.0023895	0.3511381	0.1828129	0.0001545	0.1902277	0.1271549
0.5477299	0.0245815	0.4042126	0.3758199	0.5946821	0.3487787	0.6665798	0.7287718	0.7711200	0.6798801
0.8771446	0.7540665	0.2839644	0.2266002	0.4010800	0.1859772	0.6780339	0.0564538	0.1095534	0.1163309
0.7368516	0.0082494	0.5869598	0.6109287	0.6074017	0.6024762	0.7116115	0.4582497	0.4611571	0.6350939
0.6005676	0.0148445	0.3877707	0.3961402	0.4851615	0.4489830	0.1412921	0.6893736	0.5076455	0.6926017
0.7409415	0.0014060	0.1946307	0.5591636	0.2796173	0.4303562	0.6461632	0.4017652	0.5706763	0.7887202
0.7687837	0.0062812	0.3264978	0.3411735	0.4802877	0.6936203	0.4832887	0.5125523	0.6876891	0.6191841
0.6326325	0.6244873	0.1126874	0.0646551	0.2686523	0.5601412	0.2411595	0.2981219	0.6366556	0.7550613
0.7784783	0.0000113	0.0278628	0.0053642	0.0444993	0.1585211	0.8212672	0.0497875	0.6780074	0.5010730
0.1963607	0.4709115	0.3037101	0.6534955	0.5078523	0.5351033	0.0000000	0.0006926	0.3326730	0.1092919
0.5972158	0.0023279	0.0490909	0.0012685	0.1105907	0.3529107	0.6191827	0.1032195	0.6233817	0.3946753
0.5719638	0.0281695	0.4607500	0.3935344	0.4077642	0.2397209	0.6250315	0.4511872	0.2277883	0.1392548
0.2758955	0.0137139	0.1096870	0.0348409	0.2596283	0.4461374	0.1971146	0.2431752	0.4323588	0.5600423
0.4554326	0.0675442	0.0000000	0.0000000	0.0000000	0.0892775	0.2777926	0.0000000	0.0000000	0.0000000
0.7280600	0.2587637	0.3725154	0.4958076	0.3677903	0.6824929	0.0000000	0.6005954	0.3903436	0.3676338
0.6703807	0.0054550	0.5433926	0.6310457	0.6200747	0.7004255	0.0000000	0.2581517	0.6584988	0.7025484
0.7751151	0.6268029	0.1740717	0.1271978	0.2171496	0.1577760	0.7204609	0.3798976	0.5285614	0.6916904
0.7172402	0.0066850	0.2744169	0.1505858	0.7520893	0.1972292	0.6540285	0.5088869	0.6227196	0.5934313
0.3198707	0.0183535	0.3945928	0.4403493	0.3722566	0.6814859	0.0437649	0.1940635	0.6136619	0.6749650
0.5076541	0.1109347	0.6126222	0.6650278	0.5069914	0.2464137	0.5746867	0.2129207	0.6589826	0.6823368
0.6600697	0.0084125	0.2686201	0.2966181	0.3825537	0.6811311	0.0000000	0.5898914	0.4422426	0.5316243
0.5666139	0.5702400	0.0364105	0.4565676	0.0526721	0.1808830	0.8765768	0.0701543	0.6483938	0.4340324
0.7674337	0.2539186	0.1019349	0.6900438	0.5209304	0.6858987	0.0000000	0.2632683	0.4341023	0.2790769
0.7578282	0.0000000	0.0000000	0.0000000	0.0000000	0.0000000	0.0000000	0.0000000	0.0000000	0.0000000
0.6097943	0.0007756	0.0701493	0.0064470	0.2067408	0.6040797	0.0836653	0.2501023	0.6275258	0.6905757
0.2463957	0.4280724	0.6171927	0.4567517	0.4396970	0.3789423	0.7232218	0.2921363	0.6206017	0.8183666
0.6180514	0.0095743	0.3307404	0.5041836	0.4258131	0.7349153	0.7593778	0.3049532	0.6377979	0.5975246
0.7168045	0.0002300	0.0241242	0.0496491	0.2015167	0.4204290	0.0185545	0.1039902	0.5298405	0.5713852
0.5040481	0.0825668	0.3452945	0.5286262	0.4317665	0.1433523	0.7292667	0.7355842	0.5245162	0.6281362
0.7058436	0.0073380	0.6923876	0.6232961	0.4892603	0.1741358	0.5728188	0.2079725	0.5874722	0.8009689
0.2592877	0.2997979	0.5324877	0.6880416	0.4228234	0.2588942	0.7111895	0.7710796	0.5119934	0.7155558
0.0090969	0.6176827	0.5315810	0.5419723	0.6990847	0.1650215	0.6837086	0.3700354	0.5627655	0.6814482
0.5437070	0.2085322	0.3228261	0.1981346	0.6698623	0.3059447	0.3941177	0.4650709	0.5179762	0.4326116
0.6510749	0.3297009	0.6645129	0.6576702	0.4711586	0.3844745	0.6876098	0.7478250	0.4607395	0.0000000
0.7176114	0.0000033	0.0165171	0.2260662	0.5812743	0.0475954	0.7594000	0.0530635	0.5560919	0.3362504
0.0305784	0.6179028	0.4290846	0.7267582	0.3405057	0.2074161	0.6855623	0.6187908	0.7633960	0.7388746
0.0000000	0.6397251	0.6890629	0.5884838	0.5262017	0.1487243	0.6591031	0.3802600	0.6180027	0.6478677
0.2659501	0.6044985	0.1980866	0.5721957	0.3726529	0.2599587	0.7745706	0.5658009	0.5551234	0.0000000
0.5562014	0.0000471	0.0000000	0.0000970	0.0109134	0.5947349	0.6541880	0.0000000	0.0000000	0.0000000
0.6612771	0.6786769	0.6707687	0.5539090	0.5603008	0.3137208	0.7135684	0.6521314	0.3904441	0.3838474
0.7128022	0.0081606	0.3925616	0.3199607	0.5876142	0.1861670	0.7043911	0.0263443	0.0000000	0.0000000
0.5993921	0.4159882	0.4445245	0.5280048	0.3124547	0.4626157	0.7132542	0.6973456	0.3650819	0.3410723
0.5675568	0.0181369	0.5959212	0.4896849	0.4664621	0.2365771	0.6957761	0.2992795	0.6584637	0.7656754
0.4863820	0.0254081	0.4859896	0.5809168	0.4014879	0.2380814	0.5923999	0.2725881	0.5835153	0.7304390
0.6742680	0.2610672	0.0870873	0.1909646	0.1585076	0.6707330	0.4511382	0.2126131	0.4846747	0.6701261
0.4165832	0.0640634	0.6486904	0.6934742	0.5383817	0.1891563	0.6752790	0.7602627	0.6037476	0.6525508
0.6553091	0.0020191	0.2702012	0.1903309	0.4556665	0.1741272	0.7177097	0.3154457	0.6495296	0.6614070
0.7036282	0.7963685	0.6511152	0.5741405	0.6034889	0.2668709	0.6350893	0.0000000	0.0000000	0.0000000
0.3952688	0.0528490	0.7104816	0.6792793	0.5446437	0.6040255	0.2708596	0.0727684	0.5672904	0.4312506
0.6739509	0.0001410	0.0428972	0.3753613	0.1229558	0.2600517	0.4899782	0.0440362	0.2939036	0.1875116
0.0000000	0.3403702	0.1893951	0.2146089	0.5559385	0.2045472	0.7486699	0.1568128	0.6660827	0.2487928
0.5503473	0.0003759	0.1033661	0.0954974	0.2794408	0.3249687	0.6666642	0.2794900	0.7197944	0.7342898
0.8867154	0.2445108	0.4093647	0.3471639	0.6149636	0.5813906	0.6512542	0.0000000	0.4844534	0.0000000
0.5061741	0.0024363	0.1126949	0.1246210	0.5308803	0.2606977	0.3085189	0.1164374	0.5644893	0.5134621
0.5463540	0.0067298	0.5629260	0.4643638	0.3934276	0.2489578	0.6825718	0.2935198	0.5151244	0.7868472
0.1246936	0.1639380	0.0153452	0.0004874	0.0174440	0.1153177	0.3851712	0.0217992	0.6124811	0.2983985
0.0000000	0.3836620	0.4276496	0.3564324	0.4421682	0.4978346	0.5499247	0.2319323	0.8549764	0.6197534
0.5426158	0.1871050	0.5385167	0.4623216	0.4919958	0.2237295	0.8034908	0.0383230	0.5546375	0.3792016
0.6738277	0.2464114	0.4538444	0.5122924	0.5578109	0.3342237	0.3540265	0.4363552	0.6923408	0.7890880
0.6791083	0.0007072	0.1083931	0.7391106	0.2573667	0.1873884	0.6901407	0.2306575	0.5049030	0.6759767
0.7721915	0.0211975	0.6308885	0.6635727	0.5119068	0.2485812	0.7114647	0.7265263	0.6361820	0.6236665
0.6228126	0.3521544	0.3822945	0.4116453	0.3477895	0.6897678	0.0000000	0.7323554	0.5321902	0.4923928
0.6802014	0.2607285	0.2783493	0.1337473	0.3505608	0.5455835	0.6051448	0.3766660	0.6791499	0.6727508
0.5878394	0.0002381	0.1203522	0.0547108	0.2911045	0.2729246	0.5974058	0.2217155	0.5406876	0.8111302
0.6989269	0.0344980	0.7345773	0.6406925	0.5935625	0.5432028	0.0000000	0.0000220	0.0147093	0.0630023
0.6677842	0.0131636	0.3196756	0.2197270	0.3777999	0.1393917	0.7496924	0.1450683	0.5601976	0.6593729
0.1178736	0.5504713	0.3127463	0.2863556	0.4608930	0.2583289	0.6353830	0.4257865	0.6496238	0.6707124
0.8184562	0.0231603	0.3244239	0.5907362	0.3783812	0.5052236	0.6563422	0.1463732	0.3363656	0.2720336
0.6216106	0.0191783	0.6980128	0.5179312	0.5405416	0.4738758	0.5493236	0.1718550	0.5854950	0.8241446
0.0000000	0.6739715	0.5369946	0.6356683	0.5439330	0.5082495	0.5330264	0.2469588	0.0713656	0.0883834
0.7638741	0.3267954	0.2793056	0.4734368	0.7592823	0.2498603	0.5469304	0.5105191	0.6455586	0.7496328
0.4000332	0.0258782	0.5065210	0.3663414	0.4288386	0.2763487	0.5811322	0.8185385	0.5056434	0.6900953
0.7670778	0.0112099	0.4129914	0.6696196	0.4832338	0.6987195	0.0000000	0.4789295	0.7322381	0.5262762
0.5981965	0.2226120	0.1737317	0.0903660	0.6869779	0.2339405	0.3452975	0.2889120	0.6698207	0.6108762
0.1866848	0.0077502	0.0415934	0.0075816	0.0902089	0.3774000	0.1198445	0.0692112	0.5045208	0.0912517
0.5687426	0.3680586	0.0680679	0.0236207	0.1832031	0.4793549	0.0965205	0.1443976	0.5323936	0.6348745
0.6482909	0.0081776	0.5023183	0.4822598	0.4741232	0.7978156	0.0000000	0.2117614	0.6424984	0.7318107
0.5666431	0.0082504	0.5342095	0.4951353	0.6003729	0.1798332	0.6371211	0.2972738	0.5705168	0.6042868
0.6936299	0.0356451	0.0738244	0.4463913	0.3178523	0.1896242	0.6592027	0.1535004	0.5656405	0.6392653
0.6143421	0.2717423	0.0003893	0.0002448	0.0065269	0.2220774	0.5647762	0.0222918	0.0373402	0.0000000
0.1221711	0.0317278	0.1035380	0.0354375	0.4573331	0.1500921	0.7146479	0.2297546	0.6339450	0.7847273
0.6498724	0.0000023	0.0176967	0.1116999	0.2164926	0.0329245	0.3408947	0.0507998	0.4460331	0.4296501
0.4285052	0.3757404	0.1209932	0.6566617	0.1005372	0.6669639	0.6559156	0.1900504	0.5684485	0.7352979
0.8026615	0.5728572	0.3115931	0.2054726	0.5934922	0.3242147	0.6475580	0.4965412	0.6178105	0.6913454
0.7293391	0.0039738	0.2070272	0.6206132	0.2840982	0.6910306	0.4703334	0.2005832	0.5781314	0.4171820
0.6485124	0.0049759	0.3865152	0.3797599	0.4463566	0.5749203	0.6623668	0.6555572	0.6049030	0.5668442
0.5217072	0.0001460	0.2218714	0.6516422	0.2983053	0.2933151	0.6091424	0.3404698	0.4640595	0.4608410
0.5294371	0.4012402	0.3467293	0.5392425	0.4125209	0.1666590	0.7121479	0.4985368	0.5537033	0.6855695
0.8621749	0.0047912	0.6251340	0.6727091	0.4350432	0.2021681	0.6785286	0.3652704	0.5568173	0.3841167
0.6590343	0.0075986	0.5617985	0.5703661	0.5057035	0.2360796	0.7076814	0.0120522	0.6743770	0.1897002
0.0000000	0.6234982	0.5892756	0.4409017	0.4086324	0.3876966	0.5826663	0.0452583	0.3675964	0.2912123
0.7728938	0.6924569	0.4265033	0.5299626	0.4826576	0.1785286	0.6477328	0.6359992	0.5631163	0.0000000
0.6388321	0.0186460	0.5948143	0.5890899	0.4044603	0.2001454	0.7727968	0.3213841	0.7015409	0.6056192
0.4291154	0.0219678	0.3893330	0.5382863	0.7327999	0.6565202	0.0000000	0.5045931	0.6100111	0.6827839
0.7317840	0.1084432	0.1605652	0.5203176	0.6560507	0.1751055	0.7214859	0.4422167	0.6630726	0.5845819
0.7910116	0.0042950	0.3298265	0.2828392	0.4631006	0.2080462	0.4841993	0.0035397	0.4415272	0.3031862
0.7301973	0.6268535	0.0413996	0.0021259	0.0914896	0.5574156	0.8276832	0.1248866	0.4916422	0.5698362
0.6981421	0.2225274	0.2113831	0.2332046	0.2789237	0.7028507	0.2692263	0.4815619	0.5847049	0.5442014
0.5883097	0.6993030	0.2751850	0.6596244	0.5549255	0.6947348	0.0000000	0.5566890	0.5569529	0.0717783
0.3588925	0.0068909	0.1315639	0.0431069	0.3305025	0.5861912	0.4459266	0.3023706	0.6412423	0.6381172
0.6453066	0.0051784	0.3592730	0.4812735	0.5758552	0.6946269	0.0158926	0.7182302	0.6719064	0.5560930
0.7321596	0.2016345	0.3474942	0.4348227	0.4098788	0.2710888	0.6893135	0.6738410	0.5759742	0.6039507
0.7822229	0.0021638	0.1729650	0.1633978	0.5499434	0.2710958	0.3855152	0.3415900	0.5389252	0.8795742
0.7188642	0.6880120	0.2815930	0.3933452	0.5151373	0.1859505	0.6911660	0.2800749	0.6675588	0.5989396
0.3674602	0.0435377	0.3877127	0.3594476	0.3453712	0.6029754	0.8235052	0.6090072	0.5761491	0.7069685
0.3720044	0.0345085	0.6299927	0.5522960	0.6655210	0.6092722	0.5702146	0.0621504	0.4664387	0.4932361
0.7666366	0.0045324	0.2145467	0.2663860	0.3257700	0.1747411	0.6617225	0.3931737	0.4011139	0.4293951
0.7112066	0.7095951	0.6953543	0.6223075	0.6573918	0.2272406	0.5247696	0.1838638	0.4715722	0.6310167
0.2471929	0.6291035	0.6371492	0.4836524	0.5700348	0.7009276	0.6945874	0.1466798	0.5520280	0.3335440
0.2812593	0.0891455	0.6028372	0.4545520	0.4361599	0.3386188	0.7925245	0.0606573	0.4409834	0.1377232
0.2412136	0.3201973	0.5234908	0.6757636	0.4145030	0.2101457	0.7313974	0.7338115	0.7103929	0.6289104
0.6818156	0.6781438	0.2773912	0.2572193	0.3693771	0.5355049	0.5181555	0.4634278	0.0000000	0.0000000
0.6106237	0.0015656	0.0627834	0.6503391	0.1961585	0.4852164	0.6763328	0.2630158	0.5739772	0.6631997
0.0958441	0.7095233	0.0314732	0.0043783	0.0283082	0.0732528	0.4815294	0.0437860	0.7107309	0.3340413
